#ieee33节点配电系统
#substation voltage =12.66kv, base mva =10mva
#start branch_number sending_bus receiving_bus resistance reactance #nominal_load_at_receiving_bus(p(kw)/q(var))
1 1 2 0.0922 0.047 100 60
2 2 3 0.493 0.2511 90 40
3 3 4 0.366 0.1864 120 80
4 4 5 0.3811 0.1941 60 30
5 5 6 0.819 0.707 60 20
6 6 7 0.1872 0.6188 200 100
7 7 8 0.7114 0.2351 200 100
8 8 9 1.03 0.74 60 20
9 9 10 1.044 0.74 60 20
10 10 11 0.1966 0.065 45 30
11 11 12 0.3744 0.1298 60 35
12 12 13 1.468 1.155 60 35
13 13 14 0.5416 0.7129 120 80
14 14 15 0.591 0.526 60 10
15 15 16 0.7463 0.545 60 20
16 16 17 1.289 1.721 60 20
17 17 18 0.732 0.574 90 40
18 2 19 0.164 0.1565 90 40
19 19 20 1.5042 1.3554 90 40
20 20 21 0.4095 0.4784 90 40
21 21 22 0.7089 0.9373 90 40
22 3 23 0.4512 0.3083 90 50
23 23 24 0.898 0.7091 420 200
24 24 25 0.896 0.7011 420 200
25 6 26 0.203 0.1034 60 25
26 26 27 0.2842 0.1447 60 25
27 27 28 1.059 0.9337 60 20
28 28 29 0.8042 0.7006 120 70
29 29 30 0.5075 0.2585 200 600
30 30 31 0.9744 0.963 150 70
31 31 32 0.3105 0.3619 210 100
32 32 33 0.341 0.5302 60 40
-1
33 21 8 2 2 -1 -1 
34 9 15 2 2 -1 -1
35 12 22 2 2 -1 -1
36 18 33 0.5 0.5 -1 -1
37 25 29 0.5 0.5 -1 -1
-1
1 1.0000 0
2 0.9967 0.0003
3 0.9874 0.0019
4 0.9820 0.0031
5 0.9768 0.0043
6 0.9637 0.0042
7 0.9631 0.0035
8 0.9547 -0.0121
9 0.9492 -0.0129
10 0.9487 -0.0128
11 0.9478 -0.0126
12 0.9444 -0.0132
13 0.9433 -0.0137
14 0.9430 -0.0138
15 0.9481 -0.0132
16 0.9479 -0.0133
17 0.9016 -0.0456
18 0.9029 -0.0451
19 0.9820 -0.0070
20 0.9748 -0.0080
21 0.9607 -0.0111
22 0.9552 -0.0122
23 0.9867 0.0018
24 0.9859 0.0018
25 0.9828 0.0010
26 0.9527 0.0046
27 0.9476 0.0063
28 0.9397 0.0036
29 0.9375 0.0026
30 0.9375 0.0014
31 0.9279 -0.0015
32 0.9049 -0.0442
33 0.9037 -0.0447
